1.800kHzStart Frequency	2.800kHzEnd Frequency	1000ms Step Interval	2mVSensitivity	300mSPre-Filter TC	20Phase	OFFPost-Filter TC	1HzENBW	LowDyn.Reserve	DisableLine Notch Filter	Disable2x Line Notch Filter	fReference Input Mode	DisableBandpass Filter
530 Freq(Hz)	R	X	Y	Theta	Drive Voltage 3.500Vrms							
1.80000E+3	3.00000E-4	2.88500E-4	-1.10000E-5	1.90000E+0
1.80100E+3	3.03500E-4	2.93000E-4	-1.35000E-5	2.35000E+0
1.80200E+3	3.01000E-4	2.90000E-4	-1.60000E-5	2.85000E+0
1.80300E+3	2.99500E-4	2.88000E-4	-1.80000E-5	3.25000E+0
1.80400E+3	2.98500E-4	2.87000E-4	-1.85000E-5	3.45000E+0
1.80500E+3	2.98000E-4	2.87000E-4	-1.90000E-5	3.55000E+0
1.80600E+3	2.97500E-4	2.86500E-4	-1.90000E-5	3.65000E+0
1.80700E+3	2.97500E-4	2.86500E-4	-2.05000E-5	3.65000E+0
1.80800E+3	2.97500E-4	2.86500E-4	-1.90000E-5	3.65000E+0
1.80900E+3	2.97500E-4	2.86500E-4	-2.00000E-5	3.75000E+0
1.81000E+3	2.97500E-4	2.86500E-4	-2.00000E-5	3.65000E+0
1.81100E+3	2.97500E-4	2.86500E-4	-2.00000E-5	3.75000E+0
1.81200E+3	2.97500E-4	2.86500E-4	-2.00000E-5	3.75000E+0
1.81300E+3	2.97500E-4	2.86500E-4	-2.00000E-5	3.75000E+0
1.81400E+3	2.97500E-4	2.86500E-4	-2.00000E-5	3.65000E+0
1.81500E+3	2.97500E-4	2.86500E-4	-2.00000E-5	3.65000E+0
1.81600E+3	2.97500E-4	2.86500E-4	-1.85000E-5	3.60000E+0
1.81700E+3	2.97500E-4	2.86500E-4	-2.00000E-5	3.65000E+0
1.81800E+3	2.97500E-4	2.86500E-4	-1.90000E-5	3.60000E+0
1.81900E+3	2.97500E-4	2.86500E-4	-1.90000E-5	3.65000E+0
1.82000E+3	2.97500E-4	2.86500E-4	-1.90000E-5	3.60000E+0
1.82100E+3	2.97500E-4	2.86500E-4	-2.00000E-5	3.75000E+0
1.82200E+3	2.97500E-4	2.86500E-4	-1.90000E-5	3.65000E+0
1.82300E+3	2.97500E-4	2.86500E-4	-1.85000E-5	3.60000E+0
1.82400E+3	2.97500E-4	2.86500E-4	-1.90000E-5	3.65000E+0
1.82500E+3	2.98000E-4	2.86500E-4	-2.00000E-5	3.60000E+0
1.82600E+3	2.98000E-4	2.87000E-4	-2.00000E-5	3.65000E+0
1.82700E+3	2.97500E-4	2.86500E-4	-1.90000E-5	3.65000E+0
1.82800E+3	2.98000E-4	2.86500E-4	-1.90000E-5	3.65000E+0
1.82900E+3	2.98000E-4	2.86500E-4	-2.00000E-5	3.60000E+0
1.83000E+3	2.97500E-4	2.86500E-4	-1.90000E-5	3.65000E+0
1.83100E+3	2.97500E-4	2.86500E-4	-2.00000E-5	3.75000E+0
1.83200E+3	2.97500E-4	2.86500E-4	-1.90000E-5	3.65000E+0
1.83300E+3	2.97500E-4	2.86500E-4	-1.90000E-5	3.65000E+0
1.83400E+3	2.97500E-4	2.86500E-4	-2.00000E-5	3.75000E+0
1.83500E+3	2.97500E-4	2.86500E-4	-1.90000E-5	3.75000E+0
1.83600E+3	2.98000E-4	2.86500E-4	-1.90000E-5	3.65000E+0
1.83700E+3	2.98000E-4	2.86500E-4	-1.90000E-5	3.55000E+0
1.83800E+3	2.98000E-4	2.87000E-4	-2.00000E-5	3.65000E+0
1.83900E+3	2.98000E-4	2.86500E-4	-1.90000E-5	3.65000E+0
1.84000E+3	2.98000E-4	2.86500E-4	-2.00000E-5	3.65000E+0
1.84100E+3	2.97500E-4	2.86500E-4	-1.90000E-5	3.65000E+0
1.84200E+3	2.97500E-4	2.87000E-4	-2.00000E-5	3.75000E+0
1.84300E+3	2.98000E-4	2.86500E-4	-2.00000E-5	3.65000E+0
1.84400E+3	2.98000E-4	2.86500E-4	-1.90000E-5	3.65000E+0
1.84500E+3	2.97500E-4	2.86500E-4	-1.90000E-5	3.65000E+0
1.84600E+3	2.98000E-4	2.86500E-4	-1.90000E-5	3.65000E+0
1.84700E+3	2.98000E-4	2.87000E-4	-2.00000E-5	3.65000E+0
1.84800E+3	2.98000E-4	2.87000E-4	-1.90000E-5	3.65000E+0
1.84900E+3	2.97500E-4	2.86500E-4	-1.90000E-5	3.65000E+0
1.85000E+3	2.98000E-4	2.86500E-4	-2.00000E-5	3.65000E+0
1.85100E+3	2.98000E-4	2.86500E-4	-1.90000E-5	3.65000E+0
1.85200E+3	2.98000E-4	2.86500E-4	-1.90000E-5	3.60000E+0
1.85300E+3	2.98000E-4	2.87000E-4	-1.90000E-5	3.65000E+0
1.85400E+3	2.97500E-4	2.86500E-4	-2.00000E-5	3.65000E+0
1.85500E+3	2.98000E-4	2.87000E-4	-1.90000E-5	3.65000E+0
1.85600E+3	2.98500E-4	2.87000E-4	-1.90000E-5	3.65000E+0
1.85700E+3	2.98500E-4	2.86500E-4	-1.90000E-5	3.65000E+0
1.85800E+3	2.98500E-4	2.87000E-4	-1.90000E-5	3.55000E+0
1.85900E+3	2.97000E-4	2.86500E-4	-1.85000E-5	3.30000E+0
1.86000E+3	2.97000E-4	2.86000E-4	-2.00000E-5	3.75000E+0
1.86100E+3	2.97500E-4	2.86500E-4	-1.90000E-5	3.60000E+0
1.86200E+3	2.98000E-4	2.86500E-4	-1.90000E-5	3.60000E+0
1.86300E+3	2.97500E-4	2.86500E-4	-1.90000E-5	3.65000E+0
1.86400E+3	2.97500E-4	2.86500E-4	-1.90000E-5	3.45000E+0
1.86500E+3	2.98000E-4	2.87000E-4	-2.00000E-5	3.55000E+0
1.86600E+3	2.98000E-4	2.87000E-4	-2.00000E-5	3.65000E+0
1.86700E+3	2.98000E-4	2.86500E-4	-1.90000E-5	3.65000E+0
1.86800E+3	2.98000E-4	2.86500E-4	-1.90000E-5	3.65000E+0
1.86900E+3	2.97500E-4	2.86500E-4	-1.85000E-5	3.65000E+0
1.87000E+3	2.98000E-4	2.87000E-4	-1.90000E-5	3.65000E+0
1.87100E+3	2.98000E-4	2.86500E-4	-1.85000E-5	3.45000E+0
1.87200E+3	2.98000E-4	2.86500E-4	-2.00000E-5	3.65000E+0
1.87300E+3	2.98000E-4	2.87000E-4	-1.90000E-5	3.65000E+0
1.87400E+3	2.98000E-4	2.86500E-4	-1.90000E-5	3.65000E+0
1.87500E+3	2.97500E-4	2.86500E-4	-1.90000E-5	3.60000E+0
1.87600E+3	2.98000E-4	2.86500E-4	-1.90000E-5	3.60000E+0
1.87700E+3	2.97500E-4	2.86500E-4	-1.90000E-5	3.65000E+0
1.87800E+3	2.98000E-4	2.86500E-4	-1.90000E-5	3.65000E+0
1.87900E+3	2.97500E-4	2.86500E-4	-1.90000E-5	3.65000E+0
1.88000E+3	2.98500E-4	2.86500E-4	-2.00000E-5	3.55000E+0
1.88100E+3	2.98000E-4	2.86500E-4	-2.00000E-5	3.65000E+0
1.88200E+3	2.98000E-4	2.86500E-4	-1.85000E-5	3.60000E+0
1.88300E+3	2.98000E-4	2.86500E-4	-1.90000E-5	3.35000E+0
1.88400E+3	2.98000E-4	2.86500E-4	-1.90000E-5	3.65000E+0
1.88500E+3	2.98000E-4	2.86500E-4	-1.90000E-5	3.60000E+0
1.88600E+3	2.98000E-4	2.87000E-4	-1.90000E-5	3.60000E+0
1.88700E+3	2.98000E-4	2.86500E-4	-1.85000E-5	3.60000E+0
1.88800E+3	2.98000E-4	2.86500E-4	-1.90000E-5	3.60000E+0
1.88900E+3	2.98000E-4	2.87000E-4	-1.85000E-5	3.60000E+0
1.89000E+3	2.98000E-4	2.86500E-4	-1.90000E-5	3.45000E+0
1.89100E+3	2.98000E-4	2.86500E-4	-1.90000E-5	3.60000E+0
1.89200E+3	2.98500E-4	2.87000E-4	-1.85000E-5	3.35000E+0
1.89300E+3	2.98500E-4	2.87000E-4	-1.85000E-5	3.65000E+0
1.89400E+3	2.97500E-4	2.86500E-4	-1.90000E-5	3.65000E+0
1.89500E+3	2.98000E-4	2.86500E-4	-2.00000E-5	3.65000E+0
1.89600E+3	2.98000E-4	2.86500E-4	-1.85000E-5	3.60000E+0
1.89700E+3	2.98000E-4	2.87000E-4	-1.90000E-5	3.55000E+0
1.89800E+3	2.98000E-4	2.87000E-4	-2.00000E-5	3.55000E+0
1.89900E+3	2.98000E-4	2.86500E-4	-1.85000E-5	3.65000E+0
1.90000E+3	2.98000E-4	2.86500E-4	-1.85000E-5	3.65000E+0
1.90100E+3	2.98500E-4	2.86500E-4	-2.00000E-5	3.65000E+0
1.90200E+3	2.97500E-4	2.86500E-4	-1.90000E-5	3.65000E+0
1.90300E+3	2.97500E-4	2.86500E-4	-1.85000E-5	3.60000E+0
1.90400E+3	2.98000E-4	2.86500E-4	-1.90000E-5	3.60000E+0
1.90500E+3	2.98000E-4	2.86500E-4	-1.90000E-5	3.45000E+0
1.90600E+3	2.98000E-4	2.86500E-4	-1.90000E-5	3.65000E+0
1.90700E+3	2.98000E-4	2.86500E-4	-2.00000E-5	3.65000E+0
1.90800E+3	2.98000E-4	2.86500E-4	-1.85000E-5	3.45000E+0
1.90900E+3	2.98000E-4	2.86500E-4	-1.90000E-5	3.60000E+0
1.91000E+3	2.98000E-4	2.86500E-4	-1.90000E-5	3.60000E+0
1.91100E+3	2.98000E-4	2.86500E-4	-2.00000E-5	3.65000E+0
1.91200E+3	2.98500E-4	2.87000E-4	-1.90000E-5	3.65000E+0
1.91300E+3	2.98500E-4	2.87000E-4	-1.90000E-5	3.45000E+0
1.91400E+3	2.98000E-4	2.86500E-4	-1.90000E-5	3.65000E+0
1.91500E+3	2.97000E-4	2.86500E-4	-1.90000E-5	3.45000E+0
1.91600E+3	2.97500E-4	2.87000E-4	-1.90000E-5	3.35000E+0
1.91700E+3	2.98000E-4	2.87000E-4	-1.85000E-5	3.45000E+0
1.91800E+3	2.98500E-4	2.86500E-4	-1.90000E-5	3.65000E+0
1.91900E+3	2.98000E-4	2.86500E-4	-1.90000E-5	3.65000E+0
1.92000E+3	2.98000E-4	2.86500E-4	-1.90000E-5	3.60000E+0
1.92100E+3	2.98000E-4	2.86500E-4	-1.85000E-5	3.35000E+0
1.92200E+3	2.98000E-4	2.86500E-4	-1.85000E-5	3.35000E+0
1.92300E+3	2.98000E-4	2.86500E-4	-1.90000E-5	3.45000E+0
1.92400E+3	2.98000E-4	2.86500E-4	-1.90000E-5	3.60000E+0
1.92500E+3	2.98000E-4	2.86500E-4	-1.90000E-5	3.60000E+0
1.92600E+3	2.98000E-4	2.86500E-4	-1.90000E-5	3.60000E+0
1.92700E+3	2.98000E-4	2.86500E-4	-1.85000E-5	3.35000E+0
1.92800E+3	2.98000E-4	2.86500E-4	-1.90000E-5	3.45000E+0
1.92900E+3	2.98000E-4	2.86500E-4	-1.85000E-5	3.45000E+0
1.93000E+3	2.98000E-4	2.86500E-4	-1.90000E-5	3.45000E+0
1.93100E+3	2.97500E-4	2.86500E-4	-1.85000E-5	3.45000E+0
1.93200E+3	2.97500E-4	2.86500E-4	-1.90000E-5	3.65000E+0
1.93300E+3	2.97500E-4	2.86500E-4	-2.00000E-5	3.65000E+0
1.93400E+3	2.97500E-4	2.86500E-4	-1.90000E-5	3.60000E+0
1.93500E+3	2.97500E-4	2.86500E-4	-1.85000E-5	3.60000E+0
1.93600E+3	2.98000E-4	2.86500E-4	-1.90000E-5	3.60000E+0
1.93700E+3	2.97500E-4	2.86500E-4	-1.90000E-5	3.60000E+0
1.93800E+3	2.98000E-4	2.86500E-4	-1.85000E-5	3.60000E+0
1.93900E+3	2.97500E-4	2.86500E-4	-1.85000E-5	3.60000E+0
1.94000E+3	2.98000E-4	2.86500E-4	-1.90000E-5	3.65000E+0
1.94100E+3	2.98000E-4	2.86500E-4	-1.90000E-5	3.60000E+0
1.94200E+3	2.97500E-4	2.86000E-4	-1.85000E-5	3.65000E+0
1.94300E+3	2.97500E-4	2.86500E-4	-1.85000E-5	3.65000E+0
1.94400E+3	2.98000E-4	2.86500E-4	-1.90000E-5	3.45000E+0
1.94500E+3	2.97500E-4	2.86500E-4	-1.90000E-5	3.60000E+0
1.94600E+3	2.97500E-4	2.86500E-4	-1.90000E-5	3.65000E+0
1.94700E+3	2.98000E-4	2.86500E-4	-1.85000E-5	3.60000E+0
1.94800E+3	2.97500E-4	2.86500E-4	-1.85000E-5	3.45000E+0
1.94900E+3	2.97500E-4	2.86500E-4	-1.85000E-5	3.45000E+0
1.95000E+3	2.97500E-4	2.86500E-4	-1.85000E-5	3.45000E+0
1.95100E+3	2.97500E-4	2.86000E-4	-1.90000E-5	3.60000E+0
1.95200E+3	2.97500E-4	2.86000E-4	-1.90000E-5	3.60000E+0
1.95300E+3	2.97500E-4	2.86500E-4	-2.00000E-5	3.65000E+0
1.95400E+3	2.97500E-4	2.86000E-4	-1.90000E-5	3.65000E+0
1.95500E+3	2.97500E-4	2.86000E-4	-2.00000E-5	3.60000E+0
1.95600E+3	2.97000E-4	2.86000E-4	-1.85000E-5	3.70000E+0
1.95700E+3	2.97000E-4	2.86000E-4	-1.90000E-5	3.60000E+0
1.95800E+3	2.97000E-4	2.86000E-4	-2.00000E-5	3.70000E+0
1.95900E+3	2.97000E-4	2.86000E-4	-1.90000E-5	3.75000E+0
1.96000E+3	2.96500E-4	2.86000E-4	-2.00000E-5	3.80000E+0
1.96100E+3	2.96500E-4	2.85500E-4	-2.05000E-5	3.75000E+0
1.96200E+3	2.96500E-4	2.86000E-4	-2.05000E-5	3.95000E+0
1.96300E+3	2.97000E-4	2.86000E-4	-2.10000E-5	3.95000E+0
1.96400E+3	2.97500E-4	2.86500E-4	-2.15000E-5	3.95000E+0
1.96500E+3	2.98500E-4	2.87000E-4	-2.25000E-5	4.15000E+0
1.96600E+3	2.99000E-4	2.87500E-4	-2.10000E-5	4.15000E+0
1.96700E+3	2.99500E-4	2.88000E-4	-2.10000E-5	4.05000E+0
1.96800E+3	3.00000E-4	2.88500E-4	-2.10000E-5	3.90000E+0
1.96900E+3	3.00000E-4	2.88500E-4	-2.00000E-5	3.75000E+0
1.97000E+3	3.00000E-4	2.88500E-4	-2.00000E-5	3.65000E+0
1.97100E+3	3.00000E-4	2.88500E-4	-2.00000E-5	3.65000E+0
1.97200E+3	3.00000E-4	2.88000E-4	-2.00000E-5	3.65000E+0
1.97300E+3	2.99500E-4	2.88000E-4	-1.90000E-5	3.65000E+0
1.97400E+3	2.99500E-4	2.88000E-4	-1.85000E-5	3.45000E+0
1.97500E+3	2.99500E-4	2.88500E-4	-1.90000E-5	3.55000E+0
1.97600E+3	2.99500E-4	2.88000E-4	-1.85000E-5	3.45000E+0
1.97700E+3	2.99000E-4	2.87500E-4	-1.85000E-5	3.45000E+0
1.97800E+3	2.99500E-4	2.88000E-4	-2.00000E-5	3.65000E+0
1.97900E+3	3.00500E-4	2.89500E-4	-1.85000E-5	3.35000E+0
1.98000E+3	3.00000E-4	2.88000E-4	-1.75000E-5	3.25000E+0
1.98100E+3	2.99000E-4	2.87500E-4	-2.00000E-5	3.65000E+0
1.98200E+3	2.99000E-4	2.87000E-4	-1.85000E-5	3.45000E+0
1.98300E+3	2.99000E-4	2.87500E-4	-1.90000E-5	3.45000E+0
1.98400E+3	2.99000E-4	2.87500E-4	-1.85000E-5	3.45000E+0
1.98500E+3	2.99000E-4	2.87500E-4	-1.85000E-5	3.55000E+0
1.98600E+3	2.99500E-4	2.87500E-4	-1.85000E-5	3.45000E+0
1.98700E+3	2.99000E-4	2.87500E-4	-1.90000E-5	3.45000E+0
1.98800E+3	2.99000E-4	2.87500E-4	-1.85000E-5	3.55000E+0
1.98900E+3	2.99000E-4	2.87000E-4	-1.90000E-5	3.55000E+0
1.99000E+3	2.99000E-4	2.87500E-4	-1.90000E-5	3.35000E+0
1.99100E+3	2.99000E-4	2.87500E-4	-1.85000E-5	3.45000E+0
1.99200E+3	2.99000E-4	2.87000E-4	-1.85000E-5	3.55000E+0
1.99300E+3	2.99000E-4	2.87500E-4	-1.85000E-5	3.45000E+0
1.99400E+3	2.99000E-4	2.87500E-4	-1.85000E-5	3.35000E+0
1.99500E+3	2.98500E-4	2.87000E-4	-1.90000E-5	3.45000E+0
1.99600E+3	2.98500E-4	2.87500E-4	-1.85000E-5	3.35000E+0
1.99700E+3	2.98500E-4	2.87500E-4	-1.85000E-5	3.35000E+0
1.99800E+3	2.98500E-4	2.87500E-4	-1.85000E-5	3.45000E+0
1.99900E+3	2.99000E-4	2.87500E-4	-1.85000E-5	3.45000E+0
2.00000E+3	2.98500E-4	2.87500E-4	-1.85000E-5	3.35000E+0
2.00100E+3	2.98500E-4	2.87500E-4	-1.85000E-5	3.35000E+0
2.00200E+3	2.99000E-4	2.87500E-4	-1.90000E-5	3.55000E+0
2.00300E+3	2.99000E-4	2.87000E-4	-1.90000E-5	3.45000E+0
2.00400E+3	2.99000E-4	2.87000E-4	-1.90000E-5	3.45000E+0
2.00500E+3	2.98500E-4	2.87000E-4	-1.85000E-5	3.35000E+0
2.00600E+3	2.99000E-4	2.87500E-4	-1.85000E-5	3.55000E+0
2.00700E+3	2.99000E-4	2.87000E-4	-1.85000E-5	3.45000E+0
2.00800E+3	2.98500E-4	2.87500E-4	-1.85000E-5	3.45000E+0
2.00900E+3	2.99000E-4	2.87000E-4	-1.85000E-5	3.55000E+0
2.01000E+3	2.99000E-4	2.87000E-4	-1.85000E-5	3.35000E+0
2.01100E+3	2.98500E-4	2.87500E-4	-1.85000E-5	3.35000E+0
2.01200E+3	2.99000E-4	2.87500E-4	-1.85000E-5	3.45000E+0
2.01300E+3	2.98500E-4	2.87000E-4	-1.85000E-5	3.45000E+0
2.01400E+3	2.98500E-4	2.87000E-4	-1.85000E-5	3.35000E+0
2.01500E+3	2.99000E-4	2.87500E-4	-1.85000E-5	3.45000E+0
2.01600E+3	2.98500E-4	2.87500E-4	-1.85000E-5	3.35000E+0
2.01700E+3	2.99000E-4	2.87500E-4	-1.85000E-5	3.35000E+0
2.01800E+3	2.98500E-4	2.87000E-4	-1.85000E-5	3.35000E+0
2.01900E+3	2.98500E-4	2.87500E-4	-1.85000E-5	3.45000E+0
2.02000E+3	2.99000E-4	2.87500E-4	-1.85000E-5	3.45000E+0
2.02100E+3	2.98500E-4	2.87500E-4	-1.85000E-5	3.35000E+0
2.02200E+3	2.98500E-4	2.87500E-4	-1.90000E-5	3.45000E+0
2.02300E+3	2.99000E-4	2.87000E-4	-1.85000E-5	3.35000E+0
2.02400E+3	2.98500E-4	2.87500E-4	-1.85000E-5	3.45000E+0
2.02500E+3	2.99000E-4	2.87500E-4	-1.85000E-5	3.35000E+0
2.02600E+3	2.99000E-4	2.87500E-4	-1.80000E-5	3.25000E+0
2.02700E+3	2.99000E-4	2.87500E-4	-1.85000E-5	3.25000E+0
2.02800E+3	2.99000E-4	2.87500E-4	-1.85000E-5	3.45000E+0
2.02900E+3	2.99000E-4	2.87000E-4	-1.85000E-5	3.45000E+0
2.03000E+3	2.99000E-4	2.87000E-4	-1.85000E-5	3.35000E+0
2.03100E+3	2.99000E-4	2.87500E-4	-1.85000E-5	3.35000E+0
2.03200E+3	2.98500E-4	2.87000E-4	-1.80000E-5	3.35000E+0
2.03300E+3	2.99000E-4	2.87500E-4	-1.80000E-5	3.35000E+0
2.03400E+3	2.99000E-4	2.87500E-4	-1.85000E-5	3.35000E+0
2.03500E+3	2.99000E-4	2.87500E-4	-1.85000E-5	3.35000E+0
2.03600E+3	2.98500E-4	2.87500E-4	-1.80000E-5	3.35000E+0
2.03700E+3	2.98500E-4	2.87000E-4	-1.85000E-5	3.55000E+0
2.03800E+3	2.99000E-4	2.87500E-4	-1.85000E-5	3.35000E+0
2.03900E+3	2.99000E-4	2.87500E-4	-1.85000E-5	3.35000E+0
2.04000E+3	2.98500E-4	2.87500E-4	-1.85000E-5	3.55000E+0
2.04100E+3	2.99000E-4	2.87500E-4	-1.80000E-5	3.35000E+0
2.04200E+3	2.98500E-4	2.87000E-4	-1.80000E-5	3.35000E+0
2.04300E+3	2.99000E-4	2.87500E-4	-1.85000E-5	3.25000E+0
2.04400E+3	2.98500E-4	2.87000E-4	-1.85000E-5	3.35000E+0
2.04500E+3	2.98500E-4	2.87000E-4	-1.85000E-5	3.35000E+0
2.04600E+3	2.99000E-4	2.87500E-4	-1.80000E-5	3.35000E+0
2.04700E+3	2.99000E-4	2.87500E-4	-1.85000E-5	3.35000E+0
2.04800E+3	2.98500E-4	2.87500E-4	-1.85000E-5	3.35000E+0
2.04900E+3	2.98500E-4	2.87500E-4	-1.80000E-5	3.35000E+0
2.05000E+3	2.98500E-4	2.87500E-4	-1.85000E-5	3.35000E+0
2.05100E+3	2.98500E-4	2.87500E-4	-1.80000E-5	3.30000E+0
2.05200E+3	2.99000E-4	2.87000E-4	-1.85000E-5	3.35000E+0
2.05300E+3	2.99000E-4	2.87500E-4	-1.85000E-5	3.35000E+0
2.05400E+3	2.98500E-4	2.87500E-4	-1.80000E-5	3.35000E+0
2.05500E+3	2.99000E-4	2.87500E-4	-1.85000E-5	3.45000E+0
2.05600E+3	2.99000E-4	2.87500E-4	-1.80000E-5	3.35000E+0
2.05700E+3	2.99000E-4	2.87000E-4	-1.80000E-5	3.45000E+0
2.05800E+3	2.99000E-4	2.87500E-4	-1.80000E-5	3.45000E+0
2.05900E+3	2.99000E-4	2.87500E-4	-1.85000E-5	3.45000E+0
2.06000E+3	2.98500E-4	2.87000E-4	-1.85000E-5	3.35000E+0
2.06100E+3	2.98500E-4	2.87000E-4	-1.80000E-5	3.35000E+0
2.06200E+3	2.99000E-4	2.87500E-4	-1.80000E-5	3.35000E+0
2.06300E+3	2.99000E-4	2.87000E-4	-1.85000E-5	3.45000E+0
2.06400E+3	2.98500E-4	2.87000E-4	-1.85000E-5	3.35000E+0
2.06500E+3	2.98500E-4	2.87500E-4	-1.85000E-5	3.35000E+0
2.06600E+3	2.98500E-4	2.87500E-4	-1.85000E-5	3.35000E+0
2.06700E+3	2.99000E-4	2.87000E-4	-1.85000E-5	3.35000E+0
2.06800E+3	2.98500E-4	2.87000E-4	-1.80000E-5	3.35000E+0
2.06900E+3	2.98500E-4	2.87000E-4	-1.80000E-5	3.30000E+0
2.07000E+3	2.99000E-4	2.87000E-4	-1.80000E-5	3.30000E+0
2.07100E+3	2.99000E-4	2.87500E-4	-1.85000E-5	3.35000E+0
2.07200E+3	2.99000E-4	2.87000E-4	-1.85000E-5	3.45000E+0
2.07300E+3	2.98500E-4	2.87000E-4	-1.80000E-5	3.30000E+0
2.07400E+3	2.99000E-4	2.87500E-4	-1.85000E-5	3.35000E+0
2.07500E+3	2.98500E-4	2.87500E-4	-1.85000E-5	3.35000E+0
2.07600E+3	2.99000E-4	2.87500E-4	-1.80000E-5	3.25000E+0
2.07700E+3	2.99000E-4	2.87500E-4	-1.85000E-5	3.25000E+0
2.07800E+3	2.99000E-4	2.87500E-4	-1.85000E-5	3.35000E+0
2.07900E+3	2.99000E-4	2.87500E-4	-1.75000E-5	3.30000E+0
2.08000E+3	2.99000E-4	2.87500E-4	-1.85000E-5	3.35000E+0
2.08100E+3	2.99000E-4	2.87500E-4	-1.80000E-5	3.35000E+0
2.08200E+3	2.99000E-4	2.87500E-4	-1.85000E-5	3.35000E+0
2.08300E+3	2.99000E-4	2.87500E-4	-1.85000E-5	3.35000E+0
2.08400E+3	2.99000E-4	2.87000E-4	-1.80000E-5	3.30000E+0
2.08500E+3	2.99000E-4	2.87000E-4	-1.85000E-5	3.35000E+0
2.08600E+3	2.99000E-4	2.87500E-4	-1.75000E-5	3.30000E+0
2.08700E+3	2.98500E-4	2.87500E-4	-1.80000E-5	3.30000E+0
2.08800E+3	2.99000E-4	2.87500E-4	-1.80000E-5	3.35000E+0
2.08900E+3	2.99000E-4	2.87500E-4	-1.85000E-5	3.35000E+0
2.09000E+3	2.98500E-4	2.87500E-4	-1.80000E-5	3.35000E+0
2.09100E+3	2.99000E-4	2.87500E-4	-1.75000E-5	3.25000E+0
2.09200E+3	2.99000E-4	2.87000E-4	-1.85000E-5	3.35000E+0
2.09300E+3	2.98500E-4	2.87000E-4	-1.75000E-5	3.30000E+0
2.09400E+3	2.99000E-4	2.87500E-4	-1.80000E-5	3.25000E+0
2.09500E+3	2.99000E-4	2.87500E-4	-1.80000E-5	3.35000E+0
2.09600E+3	2.99000E-4	2.87500E-4	-1.85000E-5	3.35000E+0
2.09700E+3	2.99000E-4	2.87000E-4	-1.80000E-5	3.25000E+0
2.09800E+3	2.98500E-4	2.87000E-4	-1.85000E-5	3.45000E+0
2.09900E+3	2.98500E-4	2.87000E-4	-1.90000E-5	3.65000E+0
2.10000E+3	2.99500E-4	2.88000E-4	-1.85000E-5	3.55000E+0
2.10100E+3	2.99000E-4	2.87500E-4	-1.75000E-5	3.10000E+0
2.10200E+3	2.99000E-4	2.87500E-4	-1.85000E-5	3.35000E+0
2.10300E+3	2.99000E-4	2.87500E-4	-1.85000E-5	3.35000E+0
2.10400E+3	2.99000E-4	2.87500E-4	-1.80000E-5	3.35000E+0
2.10500E+3	2.99000E-4	2.87500E-4	-1.75000E-5	3.25000E+0
2.10600E+3	2.99000E-4	2.87000E-4	-1.80000E-5	3.30000E+0
2.10700E+3	2.99000E-4	2.87500E-4	-1.75000E-5	3.30000E+0
2.10800E+3	2.99000E-4	2.88000E-4	-1.75000E-5	3.25000E+0
2.10900E+3	2.98500E-4	2.87500E-4	-1.80000E-5	3.25000E+0
2.11000E+3	2.99000E-4	2.87500E-4	-1.80000E-5	3.25000E+0
2.11100E+3	2.99000E-4	2.87500E-4	-1.80000E-5	3.25000E+0
2.11200E+3	2.99000E-4	2.87500E-4	-1.75000E-5	3.35000E+0
2.11300E+3	2.99000E-4	2.87500E-4	-1.75000E-5	3.25000E+0
2.11400E+3	2.99000E-4	2.87500E-4	-1.80000E-5	3.35000E+0
2.11500E+3	2.99000E-4	2.87500E-4	-1.80000E-5	3.25000E+0
2.11600E+3	2.99000E-4	2.87500E-4	-1.80000E-5	3.25000E+0
2.11700E+3	2.98500E-4	2.87500E-4	-1.80000E-5	3.25000E+0
2.11800E+3	2.99000E-4	2.87500E-4	-1.80000E-5	3.25000E+0
2.11900E+3	2.99000E-4	2.87500E-4	-1.80000E-5	3.25000E+0
2.12000E+3	2.99000E-4	2.87500E-4	-1.75000E-5	3.25000E+0
2.12100E+3	2.99000E-4	2.88000E-4	-1.75000E-5	3.25000E+0
2.12200E+3	2.99000E-4	2.87500E-4	-1.80000E-5	3.35000E+0
2.12300E+3	2.99000E-4	2.88000E-4	-1.80000E-5	3.35000E+0
2.12400E+3	2.99000E-4	2.87000E-4	-1.80000E-5	3.35000E+0
2.12500E+3	2.99000E-4	2.87500E-4	-1.80000E-5	3.25000E+0
2.12600E+3	2.99000E-4	2.87500E-4	-1.80000E-5	3.25000E+0
2.12700E+3	2.99000E-4	2.87500E-4	-1.75000E-5	3.35000E+0
2.12800E+3	2.99000E-4	2.87500E-4	-1.80000E-5	3.35000E+0
2.12900E+3	2.99000E-4	2.87500E-4	-1.80000E-5	3.35000E+0
2.13000E+3	2.99000E-4	2.87500E-4	-1.75000E-5	3.25000E+0
2.13100E+3	2.99000E-4	2.87500E-4	-1.80000E-5	3.25000E+0
2.13200E+3	2.99000E-4	2.87500E-4	-1.85000E-5	3.35000E+0
2.13300E+3	2.99000E-4	2.87500E-4	-1.75000E-5	3.25000E+0
2.13400E+3	2.99000E-4	2.87500E-4	-1.80000E-5	3.25000E+0
2.13500E+3	2.99000E-4	2.87500E-4	-1.75000E-5	3.35000E+0
2.13600E+3	2.99000E-4	2.87500E-4	-1.75000E-5	3.25000E+0
2.13700E+3	2.99000E-4	2.87500E-4	-1.80000E-5	3.25000E+0
2.13800E+3	2.99000E-4	2.88000E-4	-1.75000E-5	3.25000E+0
2.13900E+3	2.99500E-4	2.87500E-4	-1.65000E-5	3.25000E+0
2.14000E+3	2.99000E-4	2.87500E-4	-1.75000E-5	3.25000E+0
2.14100E+3	2.99000E-4	2.87500E-4	-1.80000E-5	3.35000E+0
2.14200E+3	2.99000E-4	2.87500E-4	-1.75000E-5	3.10000E+0
2.14300E+3	2.98500E-4	2.87500E-4	-1.75000E-5	3.30000E+0
2.14400E+3	2.99000E-4	2.87500E-4	-1.80000E-5	3.25000E+0
2.14500E+3	2.99500E-4	2.87500E-4	-1.65000E-5	3.25000E+0
2.14600E+3	2.99000E-4	2.87500E-4	-1.75000E-5	3.25000E+0
2.14700E+3	2.99000E-4	2.87500E-4	-1.80000E-5	3.35000E+0
2.14800E+3	2.99000E-4	2.87500E-4	-1.75000E-5	3.25000E+0
2.14900E+3	2.99000E-4	2.87500E-4	-1.75000E-5	3.25000E+0
2.15000E+3	2.99000E-4	2.88000E-4	-1.85000E-5	3.25000E+0
2.15100E+3	2.99000E-4	2.87500E-4	-1.80000E-5	3.35000E+0
2.15200E+3	2.99000E-4	2.87500E-4	-1.75000E-5	3.25000E+0
2.15300E+3	2.99000E-4	2.87500E-4	-1.75000E-5	3.25000E+0
2.15400E+3	2.99000E-4	2.87500E-4	-1.75000E-5	3.25000E+0
2.15500E+3	2.99000E-4	2.88000E-4	-1.75000E-5	3.25000E+0
2.15600E+3	2.99500E-4	2.87500E-4	-1.75000E-5	3.25000E+0
2.15700E+3	2.99000E-4	2.87500E-4	-1.75000E-5	3.25000E+0
2.15800E+3	2.99000E-4	2.88000E-4	-1.75000E-5	3.10000E+0
2.15900E+3	2.99000E-4	2.87500E-4	-1.65000E-5	3.25000E+0
2.16000E+3	2.99000E-4	2.87500E-4	-1.80000E-5	3.25000E+0
2.16100E+3	2.99000E-4	2.87500E-4	-1.75000E-5	3.25000E+0
2.16200E+3	2.99000E-4	2.87500E-4	-1.75000E-5	3.25000E+0
2.16300E+3	2.99500E-4	2.87500E-4	-1.75000E-5	3.25000E+0
2.16400E+3	2.99000E-4	2.87500E-4	-1.65000E-5	3.20000E+0
2.16500E+3	2.99500E-4	2.88000E-4	-1.65000E-5	3.25000E+0
2.16600E+3	2.99000E-4	2.87500E-4	-1.65000E-5	3.20000E+0
2.16700E+3	2.99000E-4	2.88000E-4	-1.65000E-5	3.25000E+0
2.16800E+3	2.99000E-4	2.87500E-4	-1.80000E-5	3.25000E+0
2.16900E+3	2.99000E-4	2.88000E-4	-1.75000E-5	3.15000E+0
2.17000E+3	2.98500E-4	2.88000E-4	-1.65000E-5	3.10000E+0
2.17100E+3	2.99000E-4	2.87500E-4	-1.75000E-5	3.20000E+0
2.17200E+3	2.99000E-4	2.88000E-4	-1.80000E-5	3.25000E+0
2.17300E+3	2.99000E-4	2.87500E-4	-1.65000E-5	3.10000E+0
2.17400E+3	2.99500E-4	2.88000E-4	-1.75000E-5	3.25000E+0
2.17500E+3	2.99000E-4	2.88000E-4	-1.80000E-5	3.25000E+0
2.17600E+3	2.99500E-4	2.88000E-4	-1.75000E-5	3.15000E+0
2.17700E+3	2.99500E-4	2.88000E-4	-1.75000E-5	3.35000E+0
2.17800E+3	2.99500E-4	2.88000E-4	-1.75000E-5	3.25000E+0
2.17900E+3	2.99500E-4	2.88000E-4	-1.75000E-5	3.25000E+0
2.18000E+3	2.99000E-4	2.87500E-4	-1.65000E-5	3.25000E+0
2.18100E+3	2.99500E-4	2.88000E-4	-1.75000E-5	3.25000E+0
2.18200E+3	2.99500E-4	2.88000E-4	-1.75000E-5	3.25000E+0
2.18300E+3	2.99500E-4	2.87500E-4	-1.75000E-5	3.25000E+0
2.18400E+3	2.99000E-4	2.87500E-4	-1.75000E-5	3.25000E+0
2.18500E+3	2.99500E-4	2.88000E-4	-1.65000E-5	3.15000E+0
2.18600E+3	2.99000E-4	2.87500E-4	-1.75000E-5	3.25000E+0
2.18700E+3	2.99500E-4	2.88000E-4	-1.75000E-5	3.25000E+0
2.18800E+3	2.99000E-4	2.88000E-4	-1.65000E-5	3.10000E+0
2.18900E+3	2.99500E-4	2.88000E-4	-1.65000E-5	3.25000E+0
2.19000E+3	2.99500E-4	2.88000E-4	-1.75000E-5	3.25000E+0
2.19100E+3	2.99500E-4	2.88000E-4	-1.65000E-5	3.15000E+0
2.19200E+3	2.99500E-4	2.88000E-4	-1.65000E-5	3.25000E+0
2.19300E+3	2.99500E-4	2.88000E-4	-1.65000E-5	3.25000E+0
2.19400E+3	2.99000E-4	2.87500E-4	-1.75000E-5	3.25000E+0
2.19500E+3	2.99500E-4	2.88000E-4	-1.75000E-5	3.15000E+0
2.19600E+3	2.99000E-4	2.88000E-4	-1.75000E-5	3.25000E+0
2.19700E+3	2.99000E-4	2.88000E-4	-1.75000E-5	3.25000E+0
2.19800E+3	2.99500E-4	2.87500E-4	-1.65000E-5	3.25000E+0
2.19900E+3	2.99500E-4	2.87500E-4	-1.75000E-5	3.25000E+0
2.20000E+3	2.99000E-4	2.88000E-4	-1.75000E-5	3.10000E+0
2.20100E+3	2.99500E-4	2.88000E-4	-1.75000E-5	3.15000E+0
2.20200E+3	2.99500E-4	2.88000E-4	-1.75000E-5	3.25000E+0
2.20300E+3	2.99000E-4	2.88000E-4	-1.65000E-5	3.25000E+0
2.20400E+3	2.99500E-4	2.88000E-4	-1.75000E-5	3.25000E+0
2.20500E+3	2.99500E-4	2.88000E-4	-1.65000E-5	3.15000E+0
2.20600E+3	2.99000E-4	2.88000E-4	-1.65000E-5	3.10000E+0
2.20700E+3	2.99000E-4	2.88000E-4	-1.65000E-5	3.10000E+0
2.20800E+3	2.99000E-4	2.88500E-4	-1.65000E-5	3.10000E+0
2.20900E+3	2.99000E-4	2.88000E-4	-1.65000E-5	3.10000E+0
2.21000E+3	2.99000E-4	2.88000E-4	-1.65000E-5	3.15000E+0
2.21100E+3	2.99500E-4	2.88000E-4	-1.65000E-5	3.25000E+0
2.21200E+3	2.99500E-4	2.88500E-4	-1.65000E-5	3.15000E+0
2.21300E+3	2.99000E-4	2.88000E-4	-1.75000E-5	3.15000E+0
2.21400E+3	2.99500E-4	2.88000E-4	-1.75000E-5	3.15000E+0
2.21500E+3	2.99000E-4	2.88000E-4	-1.65000E-5	3.15000E+0
2.21600E+3	2.99500E-4	2.88000E-4	-1.75000E-5	3.15000E+0
2.21700E+3	2.99500E-4	2.88000E-4	-1.65000E-5	3.15000E+0
2.21800E+3	3.00000E-4	2.88000E-4	-1.80000E-5	3.25000E+0
2.21900E+3	3.00000E-4	2.89500E-4	-1.65000E-5	3.05000E+0
2.22000E+3	2.98500E-4	2.87500E-4	-1.65000E-5	3.10000E+0
2.22100E+3	2.99500E-4	2.88000E-4	-1.65000E-5	2.95000E+0
2.22200E+3	2.99500E-4	2.88000E-4	-1.65000E-5	3.15000E+0
2.22300E+3	2.99000E-4	2.88000E-4	-1.65000E-5	3.10000E+0
2.22400E+3	3.00000E-4	2.88500E-4	-1.75000E-5	3.25000E+0
2.22500E+3	2.99000E-4	2.88000E-4	-1.65000E-5	3.10000E+0
2.22600E+3	2.99500E-4	2.88000E-4	-1.65000E-5	3.15000E+0
2.22700E+3	3.00000E-4	2.88000E-4	-1.75000E-5	3.05000E+0
2.22800E+3	3.00000E-4	2.88500E-4	-1.65000E-5	3.05000E+0
2.22900E+3	2.99500E-4	2.88500E-4	-1.65000E-5	3.15000E+0
2.23000E+3	3.00000E-4	2.88500E-4	-1.75000E-5	3.15000E+0
2.23100E+3	2.99000E-4	2.88000E-4	-1.65000E-5	2.95000E+0
2.23200E+3	2.99000E-4	2.88500E-4	-1.65000E-5	3.05000E+0
2.23300E+3	2.99500E-4	2.88000E-4	-1.65000E-5	3.05000E+0
2.23400E+3	2.99500E-4	2.89500E-4	-1.65000E-5	2.95000E+0
2.23500E+3	2.99500E-4	2.88000E-4	-1.75000E-5	3.10000E+0
2.23600E+3	2.99500E-4	2.88000E-4	-1.65000E-5	3.05000E+0
2.23700E+3	3.00000E-4	2.89500E-4	-1.65000E-5	3.05000E+0
2.23800E+3	2.99500E-4	2.88500E-4	-1.65000E-5	3.15000E+0
2.23900E+3	3.00000E-4	2.88500E-4	-1.65000E-5	3.05000E+0
2.24000E+3	3.00500E-4	2.88500E-4	-1.65000E-5	3.15000E+0
2.24100E+3	2.99500E-4	2.88500E-4	-1.65000E-5	3.25000E+0
2.24200E+3	2.99500E-4	2.88500E-4	-1.65000E-5	3.05000E+0
2.24300E+3	3.00000E-4	2.89500E-4	-1.65000E-5	3.05000E+0
2.24400E+3	3.00000E-4	2.89500E-4	-1.65000E-5	3.05000E+0
2.24500E+3	3.00000E-4	2.89500E-4	-1.65000E-5	3.15000E+0
2.24600E+3	3.00500E-4	2.88500E-4	-1.65000E-5	3.05000E+0
2.24700E+3	3.00000E-4	2.89500E-4	-1.65000E-5	3.05000E+0
2.24800E+3	3.00000E-4	2.89500E-4	-1.65000E-5	3.05000E+0
2.24900E+3	3.00500E-4	2.89500E-4	-1.65000E-5	3.05000E+0
2.25000E+3	3.00500E-4	2.89500E-4	-1.65000E-5	3.05000E+0
2.25100E+3	3.00500E-4	2.89500E-4	-1.65000E-5	3.05000E+0
2.25200E+3	3.00500E-4	2.89500E-4	-1.65000E-5	3.05000E+0
2.25300E+3	3.00500E-4	2.89500E-4	-1.60000E-5	3.05000E+0
2.25400E+3	3.01000E-4	2.89500E-4	-1.60000E-5	2.95000E+0
2.25500E+3	3.01000E-4	2.90000E-4	-1.60000E-5	3.05000E+0
2.25600E+3	3.01500E-4	2.90500E-4	-1.55000E-5	2.85000E+0
2.25700E+3	3.02500E-4	2.90500E-4	-1.60000E-5	2.90000E+0
2.25800E+3	3.02500E-4	2.91000E-4	-1.55000E-5	2.85000E+0
2.25900E+3	3.02500E-4	2.92000E-4	-1.50000E-5	2.75000E+0
2.26000E+3	3.03000E-4	2.92000E-4	-1.40000E-5	2.45000E+0
2.26100E+3	3.03000E-4	2.92000E-4	-1.15000E-5	2.20000E+0
2.26200E+3	3.01500E-4	2.90500E-4	-9.00000E-6	1.80000E+0
2.26300E+3	2.98500E-4	2.87000E-4	-9.00000E-6	1.75000E+0
2.26400E+3	2.95500E-4	2.85000E-4	-1.10000E-5	2.00000E+0
2.26500E+3	2.95000E-4	2.85000E-4	-1.25000E-5	2.35000E+0
2.26600E+3	2.95000E-4	2.85000E-4	-1.40000E-5	2.65000E+0
2.26700E+3	2.95500E-4	2.85500E-4	-1.50000E-5	2.90000E+0
2.26800E+3	2.96000E-4	2.86000E-4	-1.55000E-5	2.90000E+0
2.26900E+3	2.96000E-4	2.86000E-4	-1.60000E-5	3.00000E+0
2.27000E+3	2.96500E-4	2.86000E-4	-1.60000E-5	3.00000E+0
2.27100E+3	2.97000E-4	2.86500E-4	-1.60000E-5	3.00000E+0
2.27200E+3	2.97000E-4	2.86500E-4	-1.60000E-5	2.90000E+0
2.27300E+3	2.97500E-4	2.86500E-4	-1.65000E-5	3.00000E+0
2.27400E+3	2.97000E-4	2.86500E-4	-1.65000E-5	3.10000E+0
2.27500E+3	2.97500E-4	2.87000E-4	-1.60000E-5	3.00000E+0
2.27600E+3	2.97500E-4	2.87000E-4	-1.65000E-5	3.10000E+0
2.27700E+3	2.98500E-4	2.87000E-4	-1.60000E-5	3.20000E+0
2.27800E+3	2.98500E-4	2.87000E-4	-1.65000E-5	3.20000E+0
2.27900E+3	2.98500E-4	2.87000E-4	-1.65000E-5	3.10000E+0
2.28000E+3	2.98500E-4	2.87000E-4	-1.65000E-5	3.10000E+0
2.28100E+3	2.98500E-4	2.87500E-4	-1.65000E-5	3.10000E+0
2.28200E+3	2.98500E-4	2.87000E-4	-1.65000E-5	3.10000E+0
2.28300E+3	2.98500E-4	2.87000E-4	-1.65000E-5	3.10000E+0
2.28400E+3	2.98500E-4	2.87000E-4	-1.60000E-5	3.10000E+0
2.28500E+3	2.98500E-4	2.87500E-4	-1.60000E-5	3.10000E+0
2.28600E+3	2.98500E-4	2.87000E-4	-1.65000E-5	2.95000E+0
2.28700E+3	2.98500E-4	2.87500E-4	-1.60000E-5	3.10000E+0
2.28800E+3	2.98500E-4	2.87500E-4	-1.60000E-5	3.10000E+0
2.28900E+3	2.98500E-4	2.87500E-4	-1.60000E-5	3.10000E+0
2.29000E+3	2.98500E-4	2.87000E-4	-1.65000E-5	3.10000E+0
2.29100E+3	2.98500E-4	2.87500E-4	-1.60000E-5	2.95000E+0
2.29200E+3	2.98500E-4	2.87500E-4	-1.65000E-5	3.10000E+0
2.29300E+3	2.98500E-4	2.87500E-4	-1.65000E-5	3.10000E+0
2.29400E+3	2.98500E-4	2.87500E-4	-1.60000E-5	3.10000E+0
2.29500E+3	2.98500E-4	2.87000E-4	-1.60000E-5	3.10000E+0
2.29600E+3	2.98500E-4	2.87500E-4	-1.60000E-5	3.10000E+0
2.29700E+3	2.98500E-4	2.87500E-4	-1.60000E-5	3.10000E+0
2.29800E+3	2.98500E-4	2.87500E-4	-1.65000E-5	3.10000E+0
2.29900E+3	2.98500E-4	2.87500E-4	-1.65000E-5	3.20000E+0
2.30000E+3	2.98500E-4	2.87500E-4	-1.65000E-5	3.10000E+0
2.30100E+3	2.98500E-4	2.87500E-4	-1.60000E-5	3.10000E+0
2.30200E+3	2.98500E-4	2.87500E-4	-1.65000E-5	3.10000E+0
2.30300E+3	2.98500E-4	2.87500E-4	-1.60000E-5	2.95000E+0
2.30400E+3	2.98500E-4	2.87500E-4	-1.60000E-5	3.20000E+0
2.30500E+3	2.98500E-4	2.87500E-4	-1.60000E-5	3.10000E+0
2.30600E+3	2.98500E-4	2.87500E-4	-1.65000E-5	3.10000E+0
2.30700E+3	2.98500E-4	2.87500E-4	-1.65000E-5	3.10000E+0
2.30800E+3	2.99000E-4	2.88000E-4	-1.60000E-5	3.10000E+0
2.30900E+3	2.98500E-4	2.88000E-4	-1.60000E-5	2.95000E+0
2.31000E+3	2.98500E-4	2.87500E-4	-1.60000E-5	2.95000E+0
2.31100E+3	2.98500E-4	2.87500E-4	-1.60000E-5	2.95000E+0
2.31200E+3	2.98500E-4	2.87500E-4	-1.60000E-5	2.95000E+0
2.31300E+3	2.98500E-4	2.88000E-4	-1.60000E-5	2.95000E+0
2.31400E+3	2.98500E-4	2.87500E-4	-1.65000E-5	2.95000E+0
2.31500E+3	2.99000E-4	2.88000E-4	-1.60000E-5	2.95000E+0
2.31600E+3	2.99000E-4	2.88000E-4	-1.60000E-5	3.10000E+0
2.31700E+3	2.99000E-4	2.87500E-4	-1.60000E-5	2.95000E+0
2.31800E+3	2.98500E-4	2.87500E-4	-1.60000E-5	2.95000E+0
2.31900E+3	2.98500E-4	2.88000E-4	-1.60000E-5	3.10000E+0
2.32000E+3	2.98500E-4	2.88000E-4	-1.65000E-5	2.95000E+0
2.32100E+3	2.99000E-4	2.88000E-4	-1.60000E-5	3.10000E+0
2.32200E+3	2.99000E-4	2.87500E-4	-1.60000E-5	3.10000E+0
2.32300E+3	2.99000E-4	2.87500E-4	-1.65000E-5	3.10000E+0
2.32400E+3	2.99000E-4	2.88000E-4	-1.65000E-5	3.10000E+0
2.32500E+3	2.98500E-4	2.88000E-4	-1.60000E-5	2.95000E+0
2.32600E+3	2.99000E-4	2.87500E-4	-1.65000E-5	2.95000E+0
2.32700E+3	2.98500E-4	2.87500E-4	-1.60000E-5	2.95000E+0
2.32800E+3	2.99000E-4	2.88000E-4	-1.60000E-5	3.10000E+0
2.32900E+3	2.99000E-4	2.88000E-4	-1.60000E-5	2.95000E+0
2.33000E+3	2.98500E-4	2.88000E-4	-1.65000E-5	3.20000E+0
2.33100E+3	2.99000E-4	2.88000E-4	-1.60000E-5	2.95000E+0
2.33200E+3	2.99000E-4	2.88000E-4	-1.65000E-5	2.95000E+0
2.33300E+3	2.99000E-4	2.88000E-4	-1.60000E-5	3.10000E+0
2.33400E+3	2.99000E-4	2.88000E-4	-1.60000E-5	3.10000E+0
2.33500E+3	2.99000E-4	2.88000E-4	-1.60000E-5	3.10000E+0
2.33600E+3	2.99000E-4	2.88000E-4	-1.60000E-5	2.95000E+0
2.33700E+3	2.98500E-4	2.88000E-4	-1.60000E-5	2.95000E+0
2.33800E+3	2.99000E-4	2.87500E-4	-1.65000E-5	3.20000E+0
2.33900E+3	2.99500E-4	2.88000E-4	-1.55000E-5	2.95000E+0
2.34000E+3	2.99000E-4	2.88000E-4	-1.60000E-5	3.10000E+0
2.34100E+3	2.99500E-4	2.88000E-4	-1.60000E-5	2.90000E+0
2.34200E+3	2.99000E-4	2.88000E-4	-1.60000E-5	2.95000E+0
2.34300E+3	2.99000E-4	2.88000E-4	-1.60000E-5	2.95000E+0
2.34400E+3	2.99000E-4	2.87500E-4	-1.60000E-5	3.10000E+0
2.34500E+3	2.99000E-4	2.88000E-4	-1.60000E-5	2.95000E+0
2.34600E+3	2.99000E-4	2.88000E-4	-1.60000E-5	2.95000E+0
2.34700E+3	2.99000E-4	2.88000E-4	-1.60000E-5	2.95000E+0
2.34800E+3	2.99000E-4	2.88000E-4	-1.60000E-5	3.10000E+0
2.34900E+3	2.99000E-4	2.88000E-4	-1.60000E-5	2.95000E+0
2.35000E+3	2.99000E-4	2.88000E-4	-1.60000E-5	2.95000E+0
2.35100E+3	2.99000E-4	2.88000E-4	-1.60000E-5	2.90000E+0
2.35200E+3	2.99000E-4	2.88000E-4	-1.60000E-5	2.95000E+0
2.35300E+3	2.99000E-4	2.88000E-4	-1.60000E-5	2.95000E+0
2.35400E+3	2.98500E-4	2.87500E-4	-1.60000E-5	2.95000E+0
2.35500E+3	2.99000E-4	2.88000E-4	-1.60000E-5	3.10000E+0
2.35600E+3	2.99000E-4	2.88000E-4	-1.60000E-5	2.95000E+0
2.35700E+3	2.99000E-4	2.88000E-4	-1.60000E-5	2.90000E+0
2.35800E+3	2.99000E-4	2.88000E-4	-1.65000E-5	2.95000E+0
2.35900E+3	2.99000E-4	2.88000E-4	-1.60000E-5	2.95000E+0
2.36000E+3	2.99000E-4	2.88000E-4	-1.60000E-5	3.10000E+0
2.36100E+3	2.99000E-4	2.88000E-4	-1.55000E-5	2.90000E+0
2.36200E+3	2.99000E-4	2.88000E-4	-1.60000E-5	2.95000E+0
2.36300E+3	2.99000E-4	2.88000E-4	-1.65000E-5	2.95000E+0
2.36400E+3	2.99000E-4	2.88000E-4	-1.60000E-5	2.95000E+0
2.36500E+3	2.99000E-4	2.88000E-4	-1.60000E-5	3.10000E+0
2.36600E+3	2.99000E-4	2.88000E-4	-1.60000E-5	3.10000E+0
2.36700E+3	2.99000E-4	2.88000E-4	-1.60000E-5	2.95000E+0
2.36800E+3	2.99000E-4	2.88000E-4	-1.65000E-5	3.10000E+0
2.36900E+3	2.99000E-4	2.88000E-4	-1.60000E-5	3.10000E+0
2.37000E+3	2.99000E-4	2.88000E-4	-1.60000E-5	3.10000E+0
2.37100E+3	2.99000E-4	2.88000E-4	-1.60000E-5	2.95000E+0
2.37200E+3	2.99000E-4	2.88000E-4	-1.60000E-5	2.95000E+0
2.37300E+3	2.99000E-4	2.88000E-4	-1.60000E-5	3.10000E+0
2.37400E+3	2.99000E-4	2.87500E-4	-1.60000E-5	2.95000E+0
2.37500E+3	2.99000E-4	2.88000E-4	-1.60000E-5	2.95000E+0
2.37600E+3	2.99000E-4	2.88000E-4	-1.55000E-5	2.90000E+0
2.37700E+3	2.99000E-4	2.88000E-4	-1.65000E-5	2.95000E+0
2.37800E+3	2.99500E-4	2.88000E-4	-1.60000E-5	2.95000E+0
2.37900E+3	2.99000E-4	2.88000E-4	-1.60000E-5	3.10000E+0
2.38000E+3	2.99000E-4	2.88000E-4	-1.60000E-5	2.95000E+0
2.38100E+3	2.99000E-4	2.88000E-4	-1.60000E-5	3.10000E+0
2.38200E+3	2.99000E-4	2.88000E-4	-1.60000E-5	3.10000E+0
2.38300E+3	2.99000E-4	2.88000E-4	-1.60000E-5	3.10000E+0
2.38400E+3	2.99000E-4	2.88000E-4	-1.65000E-5	2.95000E+0
2.38500E+3	2.99000E-4	2.88000E-4	-1.60000E-5	2.90000E+0
2.38600E+3	2.99500E-4	2.88000E-4	-1.60000E-5	3.10000E+0
2.38700E+3	2.99500E-4	2.88000E-4	-1.60000E-5	2.90000E+0
2.38800E+3	2.99000E-4	2.88000E-4	-1.60000E-5	2.95000E+0
2.38900E+3	2.99000E-4	2.88000E-4	-1.60000E-5	2.95000E+0
2.39000E+3	2.99000E-4	2.88000E-4	-1.60000E-5	3.10000E+0
2.39100E+3	2.99000E-4	2.88000E-4	-1.60000E-5	2.90000E+0
2.39200E+3	2.99000E-4	2.88000E-4	-1.60000E-5	2.90000E+0
2.39300E+3	2.99000E-4	2.88000E-4	-1.60000E-5	2.90000E+0
2.39400E+3	2.99000E-4	2.88000E-4	-1.60000E-5	2.95000E+0
2.39500E+3	2.99000E-4	2.88000E-4	-1.65000E-5	2.95000E+0
2.39600E+3	2.99000E-4	2.88000E-4	-1.60000E-5	2.90000E+0
2.39700E+3	2.99500E-4	2.88000E-4	-1.60000E-5	2.95000E+0
2.39800E+3	2.99000E-4	2.88000E-4	-1.60000E-5	2.95000E+0
2.39900E+3	2.99000E-4	2.88500E-4	-1.60000E-5	2.95000E+0
2.40000E+3	2.99500E-4	2.88000E-4	-1.60000E-5	2.95000E+0
2.40100E+3	2.99500E-4	2.88500E-4	-1.60000E-5	2.90000E+0
2.40200E+3	2.99500E-4	2.88000E-4	-1.60000E-5	2.95000E+0
2.40300E+3	2.99000E-4	2.88500E-4	-1.60000E-5	3.10000E+0
2.40400E+3	2.99000E-4	2.88000E-4	-1.60000E-5	2.95000E+0
2.40500E+3	2.99500E-4	2.88000E-4	-1.60000E-5	2.95000E+0
2.40600E+3	2.99000E-4	2.88000E-4	-1.60000E-5	2.95000E+0
2.40700E+3	2.99000E-4	2.88000E-4	-1.60000E-5	2.95000E+0
2.40800E+3	2.99000E-4	2.88000E-4	-1.55000E-5	2.95000E+0
2.40900E+3	2.99000E-4	2.88000E-4	-1.60000E-5	2.95000E+0
2.41000E+3	2.99000E-4	2.88000E-4	-1.55000E-5	2.95000E+0
2.41100E+3	2.99500E-4	2.88000E-4	-1.55000E-5	2.95000E+0
2.41200E+3	2.99500E-4	2.88000E-4	-1.60000E-5	2.90000E+0
2.41300E+3	2.99500E-4	2.88500E-4	-1.60000E-5	2.90000E+0
2.41400E+3	2.99000E-4	2.88000E-4	-1.60000E-5	2.90000E+0
2.41500E+3	2.99000E-4	2.88000E-4	-1.55000E-5	2.90000E+0
2.41600E+3	2.99000E-4	2.88000E-4	-1.55000E-5	2.90000E+0
2.41700E+3	2.99500E-4	2.88000E-4	-1.55000E-5	2.95000E+0
2.41800E+3	2.99000E-4	2.88000E-4	-1.55000E-5	2.90000E+0
2.41900E+3	2.99000E-4	2.88000E-4	-1.60000E-5	2.90000E+0
2.42000E+3	2.99500E-4	2.88000E-4	-1.60000E-5	2.90000E+0
2.42100E+3	2.99500E-4	2.88500E-4	-1.60000E-5	2.95000E+0
2.42200E+3	2.99000E-4	2.88500E-4	-1.60000E-5	2.90000E+0
2.42300E+3	2.99000E-4	2.88000E-4	-1.60000E-5	2.90000E+0
2.42400E+3	2.99500E-4	2.88000E-4	-1.55000E-5	2.95000E+0
2.42500E+3	2.99500E-4	2.88000E-4	-1.60000E-5	2.95000E+0
2.42600E+3	2.99000E-4	2.88000E-4	-1.55000E-5	2.90000E+0
2.42700E+3	2.99000E-4	2.88000E-4	-1.60000E-5	2.90000E+0
2.42800E+3	2.99000E-4	2.88000E-4	-1.60000E-5	2.90000E+0
2.42900E+3	2.99500E-4	2.88000E-4	-1.60000E-5	2.95000E+0
2.43000E+3	2.99000E-4	2.88000E-4	-1.50000E-5	2.90000E+0
2.43100E+3	2.99000E-4	2.88500E-4	-1.60000E-5	2.90000E+0
2.43200E+3	2.99000E-4	2.88000E-4	-1.60000E-5	2.95000E+0
2.43300E+3	2.99500E-4	2.88500E-4	-1.60000E-5	2.90000E+0
2.43400E+3	2.99500E-4	2.88000E-4	-1.60000E-5	2.90000E+0
2.43500E+3	2.99000E-4	2.88000E-4	-1.55000E-5	2.95000E+0
2.43600E+3	2.99000E-4	2.88500E-4	-1.55000E-5	2.90000E+0
2.43700E+3	2.99500E-4	2.88000E-4	-1.55000E-5	2.90000E+0
2.43800E+3	2.99000E-4	2.88000E-4	-1.60000E-5	2.90000E+0
2.43900E+3	2.99500E-4	2.88500E-4	-1.60000E-5	2.90000E+0
2.44000E+3	2.99500E-4	2.88000E-4	-1.60000E-5	2.90000E+0
2.44100E+3	2.99000E-4	2.88000E-4	-1.55000E-5	2.90000E+0
2.44200E+3	2.99500E-4	2.88000E-4	-1.60000E-5	2.90000E+0
2.44300E+3	2.99500E-4	2.88000E-4	-1.50000E-5	2.80000E+0
2.44400E+3	2.99500E-4	2.88000E-4	-1.55000E-5	2.90000E+0
2.44500E+3	2.99500E-4	2.88500E-4	-1.55000E-5	2.90000E+0
2.44600E+3	2.99500E-4	2.88000E-4	-1.55000E-5	2.90000E+0
2.44700E+3	2.99500E-4	2.88500E-4	-1.55000E-5	2.95000E+0
2.44800E+3	2.99000E-4	2.88000E-4	-1.50000E-5	2.90000E+0
2.44900E+3	2.99000E-4	2.88000E-4	-1.60000E-5	2.90000E+0
2.45000E+3	2.99500E-4	2.88000E-4	-1.55000E-5	2.95000E+0
2.45100E+3	2.99000E-4	2.88500E-4	-1.60000E-5	2.95000E+0
2.45200E+3	2.99500E-4	2.88000E-4	-1.55000E-5	2.90000E+0
2.45300E+3	3.00000E-4	2.88500E-4	-1.60000E-5	2.90000E+0
2.45400E+3	2.99500E-4	2.88500E-4	-1.50000E-5	2.90000E+0
2.45500E+3	2.99500E-4	2.88000E-4	-1.55000E-5	2.95000E+0
2.45600E+3	2.99500E-4	2.88000E-4	-1.50000E-5	2.80000E+0
2.45700E+3	2.99000E-4	2.88000E-4	-1.60000E-5	2.95000E+0
2.45800E+3	3.00000E-4	2.89500E-4	-1.40000E-5	2.75000E+0
2.45900E+3	3.00000E-4	2.89500E-4	-1.55000E-5	2.95000E+0
2.46000E+3	2.99000E-4	2.88000E-4	-1.60000E-5	2.95000E+0
2.46100E+3	2.99500E-4	2.88500E-4	-1.55000E-5	2.85000E+0
2.46200E+3	3.00000E-4	2.88500E-4	-1.55000E-5	2.85000E+0
2.46300E+3	2.99000E-4	2.88000E-4	-1.50000E-5	2.90000E+0
2.46400E+3	2.99000E-4	2.88000E-4	-1.55000E-5	2.95000E+0
2.46500E+3	2.99500E-4	2.88000E-4	-1.60000E-5	2.90000E+0
2.46600E+3	2.99500E-4	2.88500E-4	-1.60000E-5	2.90000E+0
2.46700E+3	2.99500E-4	2.88000E-4	-1.50000E-5	2.85000E+0
2.46800E+3	2.99500E-4	2.88000E-4	-1.55000E-5	2.90000E+0
2.46900E+3	2.99500E-4	2.88500E-4	-1.50000E-5	2.90000E+0
2.47000E+3	2.99500E-4	2.88500E-4	-1.55000E-5	2.90000E+0
2.47100E+3	2.99000E-4	2.88000E-4	-1.55000E-5	2.90000E+0
2.47200E+3	2.99500E-4	2.88500E-4	-1.55000E-5	2.75000E+0
2.47300E+3	2.99000E-4	2.88000E-4	-1.50000E-5	2.90000E+0
2.47400E+3	2.99000E-4	2.88000E-4	-1.50000E-5	2.90000E+0
2.47500E+3	2.99500E-4	2.88500E-4	-1.60000E-5	2.90000E+0
2.47600E+3	2.99500E-4	2.88500E-4	-1.60000E-5	2.90000E+0
2.47700E+3	3.00000E-4	2.88500E-4	-1.55000E-5	2.90000E+0
2.47800E+3	2.99500E-4	2.88500E-4	-1.50000E-5	2.90000E+0
2.47900E+3	2.99500E-4	2.88500E-4	-1.50000E-5	2.90000E+0
2.48000E+3	2.99500E-4	2.88500E-4	-1.55000E-5	2.90000E+0
2.48100E+3	2.99500E-4	2.88000E-4	-1.55000E-5	2.90000E+0
2.48200E+3	2.99500E-4	2.88500E-4	-1.55000E-5	2.90000E+0
2.48300E+3	2.99500E-4	2.88500E-4	-1.60000E-5	2.90000E+0
2.48400E+3	2.99000E-4	2.88000E-4	-1.55000E-5	2.90000E+0
2.48500E+3	2.99500E-4	2.88500E-4	-1.50000E-5	2.90000E+0
2.48600E+3	2.99500E-4	2.88000E-4	-1.50000E-5	2.90000E+0
2.48700E+3	2.99500E-4	2.88000E-4	-1.55000E-5	2.90000E+0
2.48800E+3	2.99500E-4	2.88000E-4	-1.50000E-5	2.90000E+0
2.48900E+3	2.99500E-4	2.88000E-4	-1.50000E-5	2.90000E+0
2.49000E+3	2.99500E-4	2.88500E-4	-1.50000E-5	2.90000E+0
2.49100E+3	2.99500E-4	2.88000E-4	-1.50000E-5	2.85000E+0
2.49200E+3	2.99500E-4	2.88000E-4	-1.55000E-5	2.90000E+0
2.49300E+3	2.99000E-4	2.88000E-4	-1.55000E-5	2.85000E+0
2.49400E+3	2.99500E-4	2.88000E-4	-1.55000E-5	2.80000E+0
2.49500E+3	2.99500E-4	2.88500E-4	-1.50000E-5	2.90000E+0
2.49600E+3	2.99500E-4	2.88000E-4	-1.50000E-5	2.80000E+0
2.49700E+3	2.99500E-4	2.88000E-4	-1.50000E-5	2.90000E+0
2.49800E+3	2.99500E-4	2.88500E-4	-1.50000E-5	2.90000E+0
2.49900E+3	3.00000E-4	2.88500E-4	-1.55000E-5	2.80000E+0
2.50000E+3	3.00000E-4	2.88500E-4	-1.50000E-5	2.80000E+0
2.50100E+3	2.99000E-4	2.88500E-4	-1.55000E-5	2.80000E+0
2.50200E+3	3.00000E-4	2.88000E-4	-1.55000E-5	2.75000E+0
2.50300E+3	3.00000E-4	2.89500E-4	-1.50000E-5	2.75000E+0
2.50400E+3	2.99500E-4	2.89500E-4	-1.50000E-5	2.90000E+0
2.50500E+3	3.00000E-4	2.88500E-4	-1.50000E-5	2.90000E+0
2.50600E+3	2.99500E-4	2.88000E-4	-1.55000E-5	2.90000E+0
2.50700E+3	2.99500E-4	2.88000E-4	-1.50000E-5	2.80000E+0
2.50800E+3	2.99500E-4	2.88500E-4	-1.50000E-5	2.80000E+0
2.50900E+3	2.99000E-4	2.88000E-4	-1.50000E-5	2.75000E+0
2.51000E+3	2.99500E-4	2.88500E-4	-1.50000E-5	2.80000E+0
2.51100E+3	2.99500E-4	2.88000E-4	-1.55000E-5	2.80000E+0
2.51200E+3	3.00000E-4	2.88500E-4	-1.50000E-5	2.75000E+0
2.51300E+3	2.99500E-4	2.88000E-4	-1.50000E-5	2.75000E+0
2.51400E+3	3.00000E-4	2.89500E-4	-1.50000E-5	2.90000E+0
2.51500E+3	2.99000E-4	2.88500E-4	-1.50000E-5	2.80000E+0
2.51600E+3	2.99500E-4	2.88500E-4	-1.40000E-5	2.70000E+0
2.51700E+3	3.00000E-4	2.88000E-4	-1.50000E-5	2.80000E+0
2.51800E+3	3.00000E-4	2.89500E-4	-1.40000E-5	2.75000E+0
2.51900E+3	2.99500E-4	2.88000E-4	-1.55000E-5	2.90000E+0
2.52000E+3	2.99000E-4	2.88000E-4	-1.50000E-5	2.80000E+0
2.52100E+3	2.99500E-4	2.88500E-4	-1.50000E-5	2.90000E+0
2.52200E+3	2.99500E-4	2.89500E-4	-1.50000E-5	2.80000E+0
2.52300E+3	3.00000E-4	2.88500E-4	-1.50000E-5	2.90000E+0
2.52400E+3	3.00000E-4	2.88500E-4	-1.40000E-5	2.80000E+0
2.52500E+3	2.99500E-4	2.88000E-4	-1.50000E-5	2.80000E+0
2.52600E+3	3.00000E-4	2.88500E-4	-1.50000E-5	2.75000E+0
2.52700E+3	3.00000E-4	2.88500E-4	-1.50000E-5	2.70000E+0
2.52800E+3	3.00000E-4	2.88000E-4	-1.40000E-5	2.75000E+0
2.52900E+3	2.99500E-4	2.88500E-4	-1.55000E-5	2.70000E+0
2.53000E+3	2.99500E-4	2.88500E-4	-1.50000E-5	2.85000E+0
2.53100E+3	3.00000E-4	2.88500E-4	-1.40000E-5	2.75000E+0
2.53200E+3	2.99500E-4	2.88000E-4	-1.50000E-5	2.85000E+0
2.53300E+3	3.00000E-4	2.88500E-4	-1.40000E-5	2.70000E+0
2.53400E+3	3.00000E-4	2.89500E-4	-1.50000E-5	2.75000E+0
2.53500E+3	2.99500E-4	2.88500E-4	-1.50000E-5	2.70000E+0
2.53600E+3	2.99500E-4	2.88500E-4	-1.55000E-5	2.70000E+0
2.53700E+3	3.00000E-4	2.88500E-4	-1.50000E-5	2.85000E+0
2.53800E+3	3.00000E-4	2.88500E-4	-1.55000E-5	2.75000E+0
2.53900E+3	3.00000E-4	2.89500E-4	-1.55000E-5	2.70000E+0
2.54000E+3	3.00000E-4	2.88500E-4	-1.50000E-5	2.90000E+0
2.54100E+3	3.00000E-4	2.88500E-4	-1.50000E-5	2.70000E+0
2.54200E+3	3.00000E-4	2.88500E-4	-1.40000E-5	2.75000E+0
2.54300E+3	3.00000E-4	2.89500E-4	-1.50000E-5	2.70000E+0
2.54400E+3	2.99500E-4	2.89500E-4	-1.55000E-5	2.70000E+0
2.54500E+3	2.99500E-4	2.88000E-4	-1.50000E-5	2.80000E+0
2.54600E+3	2.99500E-4	2.88500E-4	-1.40000E-5	2.75000E+0
2.54700E+3	2.99500E-4	2.88500E-4	-1.50000E-5	2.75000E+0
2.54800E+3	2.99500E-4	2.88500E-4	-1.40000E-5	2.70000E+0
2.54900E+3	3.00000E-4	2.88500E-4	-1.55000E-5	2.70000E+0
2.55000E+3	3.00000E-4	2.89500E-4	-1.40000E-5	2.75000E+0
2.55100E+3	3.00000E-4	2.88500E-4	-1.50000E-5	2.70000E+0
2.55200E+3	3.00000E-4	2.88500E-4	-1.50000E-5	2.75000E+0
2.55300E+3	3.00000E-4	2.89500E-4	-1.50000E-5	2.70000E+0
2.55400E+3	3.00000E-4	2.88500E-4	-1.40000E-5	2.75000E+0
2.55500E+3	3.00000E-4	2.89500E-4	-1.50000E-5	2.80000E+0
2.55600E+3	3.00000E-4	2.88500E-4	-1.50000E-5	2.70000E+0
2.55700E+3	3.00000E-4	2.88500E-4	-1.40000E-5	2.70000E+0
2.55800E+3	3.00000E-4	2.88500E-4	-1.40000E-5	2.75000E+0
2.55900E+3	2.99500E-4	2.88500E-4	-1.50000E-5	2.70000E+0
2.56000E+3	2.99500E-4	2.88500E-4	-1.40000E-5	2.70000E+0
2.56100E+3	3.00000E-4	2.88500E-4	-1.50000E-5	2.75000E+0
2.56200E+3	3.00000E-4	2.88500E-4	-1.50000E-5	2.75000E+0
2.56300E+3	3.00000E-4	2.88000E-4	-1.50000E-5	2.70000E+0
2.56400E+3	2.99500E-4	2.88500E-4	-1.50000E-5	2.70000E+0
2.56500E+3	3.00000E-4	2.88500E-4	-1.50000E-5	2.75000E+0
2.56600E+3	3.00000E-4	2.89500E-4	-1.40000E-5	2.80000E+0
2.56700E+3	2.99500E-4	2.88500E-4	-1.40000E-5	2.80000E+0
2.56800E+3	2.99500E-4	2.88500E-4	-1.50000E-5	2.75000E+0
2.56900E+3	2.99500E-4	2.88500E-4	-1.50000E-5	2.85000E+0
2.57000E+3	2.99500E-4	2.88500E-4	-1.40000E-5	2.80000E+0
2.57100E+3	3.00000E-4	2.88500E-4	-1.40000E-5	2.75000E+0
2.57200E+3	3.00000E-4	2.88500E-4	-1.40000E-5	2.75000E+0
2.57300E+3	3.00000E-4	2.89500E-4	-1.40000E-5	2.70000E+0
2.57400E+3	2.99500E-4	2.88500E-4	-1.50000E-5	2.70000E+0
2.57500E+3	3.00000E-4	2.88500E-4	-1.40000E-5	2.60000E+0
2.57600E+3	3.00000E-4	2.88500E-4	-1.55000E-5	2.70000E+0
2.57700E+3	2.99500E-4	2.88500E-4	-1.40000E-5	2.75000E+0
2.57800E+3	2.99500E-4	2.88000E-4	-1.55000E-5	2.60000E+0
2.57900E+3	3.00000E-4	2.89500E-4	-1.40000E-5	2.70000E+0
2.58000E+3	3.00000E-4	2.89500E-4	-1.40000E-5	2.75000E+0
2.58100E+3	3.00000E-4	2.88500E-4	-1.40000E-5	2.60000E+0
2.58200E+3	2.99500E-4	2.88500E-4	-1.40000E-5	2.70000E+0
2.58300E+3	3.00000E-4	2.88500E-4	-1.40000E-5	2.60000E+0
2.58400E+3	2.99500E-4	2.88500E-4	-1.40000E-5	2.60000E+0
2.58500E+3	3.00000E-4	2.88500E-4	-1.40000E-5	2.70000E+0
2.58600E+3	3.00000E-4	2.88500E-4	-1.40000E-5	2.60000E+0
2.58700E+3	3.00000E-4	2.89500E-4	-1.40000E-5	2.60000E+0
2.58800E+3	3.00000E-4	2.88500E-4	-1.50000E-5	2.70000E+0
2.58900E+3	3.00000E-4	2.89500E-4	-1.50000E-5	2.75000E+0
2.59000E+3	3.00000E-4	2.89500E-4	-1.40000E-5	2.70000E+0
2.59100E+3	3.00000E-4	2.88500E-4	-1.50000E-5	2.70000E+0
2.59200E+3	2.99500E-4	2.88500E-4	-1.40000E-5	2.60000E+0
2.59300E+3	3.00000E-4	2.88500E-4	-1.40000E-5	2.70000E+0
2.59400E+3	3.00000E-4	2.88500E-4	-1.50000E-5	2.70000E+0
2.59500E+3	3.00000E-4	2.88500E-4	-1.40000E-5	2.60000E+0
2.59600E+3	3.00000E-4	2.88500E-4	-1.50000E-5	2.70000E+0
2.59700E+3	3.00000E-4	2.89500E-4	-1.40000E-5	2.70000E+0
2.59800E+3	3.00000E-4	2.88500E-4	-1.50000E-5	2.70000E+0
2.59900E+3	3.00000E-4	2.88000E-4	-1.40000E-5	2.75000E+0
2.60000E+3	3.00000E-4	2.89500E-4	-1.40000E-5	2.60000E+0
2.60100E+3	3.00000E-4	2.88500E-4	-1.40000E-5	2.70000E+0
2.60200E+3	3.00000E-4	2.89500E-4	-1.50000E-5	2.60000E+0
2.60300E+3	3.00000E-4	2.89500E-4	-1.50000E-5	2.70000E+0
2.60400E+3	3.00000E-4	2.89500E-4	-1.40000E-5	2.70000E+0
2.60500E+3	3.00000E-4	2.89500E-4	-1.50000E-5	2.70000E+0
2.60600E+3	3.00000E-4	2.88500E-4	-1.40000E-5	2.60000E+0
2.60700E+3	3.00000E-4	2.88500E-4	-1.40000E-5	2.60000E+0
2.60800E+3	3.00000E-4	2.88500E-4	-1.40000E-5	2.75000E+0
2.60900E+3	3.00000E-4	2.88500E-4	-1.50000E-5	2.75000E+0
2.61000E+3	3.00000E-4	2.89500E-4	-1.40000E-5	2.60000E+0
2.61100E+3	3.00000E-4	2.89500E-4	-1.40000E-5	2.60000E+0
2.61200E+3	3.00000E-4	2.89500E-4	-1.40000E-5	2.60000E+0
2.61300E+3	3.00000E-4	2.88500E-4	-1.40000E-5	2.70000E+0
2.61400E+3	3.00000E-4	2.88500E-4	-1.40000E-5	2.70000E+0
2.61500E+3	3.00000E-4	2.89500E-4	-1.40000E-5	2.70000E+0
2.61600E+3	3.00000E-4	2.89500E-4	-1.40000E-5	2.70000E+0
2.61700E+3	3.00000E-4	2.89500E-4	-1.35000E-5	2.60000E+0
2.61800E+3	3.00000E-4	2.88500E-4	-1.50000E-5	2.60000E+0
2.61900E+3	3.00000E-4	2.88500E-4	-1.40000E-5	2.60000E+0
2.62000E+3	2.99500E-4	2.89500E-4	-1.40000E-5	2.60000E+0
2.62100E+3	3.00000E-4	2.88500E-4	-1.40000E-5	2.60000E+0
2.62200E+3	3.00000E-4	2.89500E-4	-1.50000E-5	2.60000E+0
2.62300E+3	3.00000E-4	2.89500E-4	-1.40000E-5	2.70000E+0
2.62400E+3	3.00000E-4	2.89500E-4	-1.40000E-5	2.60000E+0
2.62500E+3	3.00000E-4	2.88500E-4	-1.40000E-5	2.60000E+0
2.62600E+3	3.00000E-4	2.89500E-4	-1.40000E-5	2.60000E+0
2.62700E+3	3.00000E-4	2.89500E-4	-1.40000E-5	2.60000E+0
2.62800E+3	3.00000E-4	2.88500E-4	-1.40000E-5	2.70000E+0
2.62900E+3	3.00000E-4	2.89500E-4	-1.40000E-5	2.60000E+0
2.63000E+3	3.00000E-4	2.88500E-4	-1.35000E-5	2.70000E+0
2.63100E+3	3.00000E-4	2.89500E-4	-1.40000E-5	2.70000E+0
2.63200E+3	3.00000E-4	2.88500E-4	-1.50000E-5	2.70000E+0
2.63300E+3	3.00000E-4	2.88500E-4	-1.35000E-5	2.70000E+0
2.63400E+3	3.00000E-4	2.89500E-4	-1.40000E-5	2.70000E+0
2.63500E+3	3.00000E-4	2.88500E-4	-1.40000E-5	2.70000E+0
2.63600E+3	3.00000E-4	2.88500E-4	-1.40000E-5	2.70000E+0
2.63700E+3	3.00000E-4	2.89500E-4	-1.35000E-5	2.60000E+0
2.63800E+3	3.00000E-4	2.89500E-4	-1.40000E-5	2.60000E+0
2.63900E+3	3.00000E-4	2.89500E-4	-1.40000E-5	2.60000E+0
2.64000E+3	3.00000E-4	2.89500E-4	-1.40000E-5	2.60000E+0
2.64100E+3	3.00000E-4	2.89500E-4	-1.40000E-5	2.45000E+0
2.64200E+3	3.00000E-4	2.89500E-4	-1.40000E-5	2.60000E+0
2.64300E+3	3.00000E-4	2.88500E-4	-1.40000E-5	2.60000E+0
2.64400E+3	3.00000E-4	2.89500E-4	-1.35000E-5	2.60000E+0
2.64500E+3	3.00000E-4	2.88500E-4	-1.40000E-5	2.60000E+0
2.64600E+3	3.00000E-4	2.89500E-4	-1.40000E-5	2.60000E+0
2.64700E+3	3.00000E-4	2.89500E-4	-1.40000E-5	2.60000E+0
2.64800E+3	3.00000E-4	2.89500E-4	-1.40000E-5	2.60000E+0
2.64900E+3	3.00000E-4	2.89500E-4	-1.35000E-5	2.60000E+0
2.65000E+3	3.00000E-4	2.88500E-4	-1.40000E-5	2.45000E+0
2.65100E+3	3.00000E-4	2.89500E-4	-1.40000E-5	2.60000E+0
2.65200E+3	3.00000E-4	2.89500E-4	-1.35000E-5	2.60000E+0
2.65300E+3	3.00000E-4	2.89500E-4	-1.40000E-5	2.60000E+0
2.65400E+3	3.00000E-4	2.89500E-4	-1.40000E-5	2.60000E+0
2.65500E+3	3.00000E-4	2.89500E-4	-1.40000E-5	2.60000E+0
2.65600E+3	3.00000E-4	2.89500E-4	-1.35000E-5	2.60000E+0
2.65700E+3	3.00000E-4	2.89500E-4	-1.40000E-5	2.60000E+0
2.65800E+3	3.00000E-4	2.89500E-4	-1.40000E-5	2.60000E+0
2.65900E+3	3.00000E-4	2.89500E-4	-1.35000E-5	2.45000E+0
2.66000E+3	3.00000E-4	2.89500E-4	-1.35000E-5	2.60000E+0
2.66100E+3	3.00000E-4	2.89500E-4	-1.40000E-5	2.60000E+0
2.66200E+3	3.00000E-4	2.89500E-4	-1.40000E-5	2.45000E+0
2.66300E+3	3.00000E-4	2.88500E-4	-1.40000E-5	2.60000E+0
2.66400E+3	3.00000E-4	2.88500E-4	-1.35000E-5	2.45000E+0
2.66500E+3	3.00000E-4	2.89500E-4	-1.40000E-5	2.60000E+0
2.66600E+3	3.00000E-4	2.89500E-4	-1.35000E-5	2.45000E+0
2.66700E+3	3.00000E-4	2.89500E-4	-1.35000E-5	2.45000E+0
2.66800E+3	3.00000E-4	2.89500E-4	-1.35000E-5	2.60000E+0
2.66900E+3	3.00000E-4	2.89500E-4	-1.40000E-5	2.45000E+0
2.67000E+3	3.00000E-4	2.89500E-4	-1.35000E-5	2.60000E+0
2.67100E+3	3.00000E-4	2.89500E-4	-1.40000E-5	2.60000E+0
2.67200E+3	3.00000E-4	2.89500E-4	-1.40000E-5	2.60000E+0
2.67300E+3	3.00000E-4	2.89500E-4	-1.40000E-5	2.60000E+0
2.67400E+3	3.00000E-4	2.89500E-4	-1.40000E-5	2.45000E+0
2.67500E+3	3.00000E-4	2.89500E-4	-1.40000E-5	2.60000E+0
2.67600E+3	3.00000E-4	2.89500E-4	-1.35000E-5	2.60000E+0
2.67700E+3	3.00000E-4	2.89500E-4	-1.35000E-5	2.60000E+0
2.67800E+3	3.00500E-4	2.89500E-4	-1.35000E-5	2.60000E+0
2.67900E+3	3.00000E-4	2.89500E-4	-1.40000E-5	2.45000E+0
2.68000E+3	3.00000E-4	2.89500E-4	-1.40000E-5	2.60000E+0
2.68100E+3	3.00000E-4	2.89500E-4	-1.40000E-5	2.60000E+0
2.68200E+3	3.00000E-4	2.89500E-4	-1.35000E-5	2.60000E+0
2.68300E+3	3.00000E-4	2.89500E-4	-1.35000E-5	2.45000E+0
2.68400E+3	3.00000E-4	2.89500E-4	-1.40000E-5	2.60000E+0
2.68500E+3	3.00000E-4	2.89500E-4	-1.35000E-5	2.45000E+0
2.68600E+3	3.00000E-4	2.89500E-4	-1.40000E-5	2.45000E+0
2.68700E+3	3.00000E-4	2.89500E-4	-1.40000E-5	2.60000E+0
2.68800E+3	3.00000E-4	2.89500E-4	-1.35000E-5	2.45000E+0
2.68900E+3	3.00000E-4	2.89500E-4	-1.35000E-5	2.60000E+0
2.69000E+3	3.00000E-4	2.89500E-4	-1.40000E-5	2.45000E+0
2.69100E+3	3.00000E-4	2.89500E-4	-1.35000E-5	2.60000E+0
2.69200E+3	3.00000E-4	2.89500E-4	-1.40000E-5	2.45000E+0
2.69300E+3	3.00500E-4	2.89500E-4	-1.40000E-5	2.60000E+0
2.69400E+3	3.00500E-4	2.89500E-4	-1.35000E-5	2.45000E+0
2.69500E+3	3.00000E-4	2.89500E-4	-1.40000E-5	2.60000E+0
2.69600E+3	3.00000E-4	2.89500E-4	-1.40000E-5	2.60000E+0
2.69700E+3	3.00000E-4	2.89500E-4	-1.35000E-5	2.45000E+0
2.69800E+3	3.00000E-4	2.89500E-4	-1.40000E-5	2.60000E+0
2.69900E+3	3.00500E-4	2.90000E-4	-1.40000E-5	2.60000E+0
2.70000E+3	3.00000E-4	2.89500E-4	-1.40000E-5	2.75000E+0
2.70100E+3	3.00500E-4	2.89500E-4	-1.40000E-5	2.60000E+0
2.70200E+3	3.00000E-4	2.89500E-4	-1.35000E-5	2.60000E+0
2.70300E+3	3.00000E-4	2.89500E-4	-1.35000E-5	2.45000E+0
2.70400E+3	3.00000E-4	2.89500E-4	-1.40000E-5	2.45000E+0
2.70500E+3	3.00000E-4	2.89500E-4	-1.40000E-5	2.60000E+0
2.70600E+3	3.00000E-4	2.89500E-4	-1.35000E-5	2.45000E+0
2.70700E+3	3.00500E-4	2.89500E-4	-1.40000E-5	2.45000E+0
2.70800E+3	3.00000E-4	2.89500E-4	-1.35000E-5	2.45000E+0
2.70900E+3	3.00000E-4	2.89500E-4	-1.40000E-5	2.45000E+0
2.71000E+3	3.00000E-4	2.89500E-4	-1.30000E-5	2.60000E+0
2.71100E+3	3.00000E-4	2.89500E-4	-1.35000E-5	2.45000E+0
2.71200E+3	3.00000E-4	2.89500E-4	-1.40000E-5	2.45000E+0
2.71300E+3	3.00000E-4	2.89500E-4	-1.35000E-5	2.45000E+0
2.71400E+3	3.00000E-4	2.89500E-4	-1.35000E-5	2.45000E+0
2.71500E+3	3.00000E-4	2.89500E-4	-1.35000E-5	2.45000E+0
2.71600E+3	3.00000E-4	2.89500E-4	-1.35000E-5	2.45000E+0
2.71700E+3	3.00000E-4	2.89500E-4	-1.40000E-5	2.60000E+0
2.71800E+3	3.00000E-4	2.89500E-4	-1.35000E-5	2.45000E+0
2.71900E+3	3.00500E-4	2.89500E-4	-1.40000E-5	2.60000E+0
2.72000E+3	3.00500E-4	2.89500E-4	-1.40000E-5	2.60000E+0
2.72100E+3	3.00000E-4	2.89500E-4	-1.30000E-5	2.60000E+0
2.72200E+3	3.00000E-4	2.89500E-4	-1.35000E-5	2.45000E+0
2.72300E+3	3.00000E-4	2.89500E-4	-1.35000E-5	2.45000E+0
2.72400E+3	3.00000E-4	2.89500E-4	-1.35000E-5	2.45000E+0
2.72500E+3	3.00500E-4	2.89500E-4	-1.40000E-5	2.45000E+0
2.72600E+3	3.00000E-4	2.89500E-4	-1.35000E-5	2.45000E+0
2.72700E+3	3.00500E-4	2.89500E-4	-1.35000E-5	2.45000E+0
2.72800E+3	3.00500E-4	2.89500E-4	-1.40000E-5	2.45000E+0
2.72900E+3	3.00000E-4	2.89500E-4	-1.35000E-5	2.45000E+0
2.73000E+3	3.00000E-4	2.89500E-4	-1.40000E-5	2.45000E+0
2.73100E+3	3.00500E-4	2.89500E-4	-1.35000E-5	2.45000E+0
2.73200E+3	3.00000E-4	2.89500E-4	-1.40000E-5	2.60000E+0
2.73300E+3	3.00000E-4	2.89500E-4	-1.35000E-5	2.45000E+0
2.73400E+3	3.00000E-4	2.89500E-4	-1.35000E-5	2.60000E+0
2.73500E+3	3.00000E-4	2.89500E-4	-1.35000E-5	2.45000E+0
2.73600E+3	3.00500E-4	2.89500E-4	-1.35000E-5	2.45000E+0
2.73700E+3	3.00000E-4	2.89500E-4	-1.40000E-5	2.60000E+0
2.73800E+3	3.00500E-4	2.89500E-4	-1.35000E-5	2.60000E+0
2.73900E+3	3.00000E-4	2.89500E-4	-1.35000E-5	2.45000E+0
2.74000E+3	3.00500E-4	2.89500E-4	-1.35000E-5	2.45000E+0
2.74100E+3	3.00500E-4	2.89500E-4	-1.35000E-5	2.40000E+0
2.74200E+3	3.00000E-4	2.89500E-4	-1.35000E-5	2.45000E+0
2.74300E+3	3.00000E-4	2.89500E-4	-1.30000E-5	2.45000E+0
2.74400E+3	3.00500E-4	2.89500E-4	-1.40000E-5	2.45000E+0
2.74500E+3	3.00500E-4	2.89500E-4	-1.40000E-5	2.60000E+0
2.74600E+3	3.00500E-4	2.89500E-4	-1.30000E-5	2.45000E+0
2.74700E+3	3.00500E-4	2.89500E-4	-1.35000E-5	2.45000E+0
2.74800E+3	3.00500E-4	2.89500E-4	-1.30000E-5	2.45000E+0
2.74900E+3	3.00000E-4	2.89500E-4	-1.35000E-5	2.45000E+0
2.75000E+3	3.00000E-4	2.89500E-4	-1.35000E-5	2.45000E+0
2.75100E+3	3.00000E-4	2.89500E-4	-1.35000E-5	2.40000E+0
2.75200E+3	3.00500E-4	2.89500E-4	-1.30000E-5	2.40000E+0
2.75300E+3	3.00500E-4	2.89500E-4	-1.35000E-5	2.40000E+0
2.75400E+3	3.00500E-4	2.89500E-4	-1.35000E-5	2.45000E+0
2.75500E+3	3.00500E-4	2.89500E-4	-1.35000E-5	2.40000E+0
2.75600E+3	3.00000E-4	2.89500E-4	-1.35000E-5	2.45000E+0
2.75700E+3	3.00500E-4	2.89500E-4	-1.35000E-5	2.45000E+0
2.75800E+3	3.00500E-4	2.89500E-4	-1.35000E-5	2.45000E+0
2.75900E+3	3.00500E-4	2.89500E-4	-1.35000E-5	2.45000E+0
2.76000E+3	3.00000E-4	2.89500E-4	-1.35000E-5	2.40000E+0
2.76100E+3	3.00000E-4	2.89500E-4	-1.35000E-5	2.60000E+0
2.76200E+3	3.00500E-4	2.89500E-4	-1.30000E-5	2.45000E+0
2.76300E+3	3.00500E-4	2.89500E-4	-1.35000E-5	2.45000E+0
2.76400E+3	3.00500E-4	2.89500E-4	-1.35000E-5	2.45000E+0
2.76500E+3	3.00500E-4	2.89500E-4	-1.35000E-5	2.45000E+0
2.76600E+3	3.00500E-4	2.89500E-4	-1.35000E-5	2.45000E+0
2.76700E+3	3.00500E-4	2.89500E-4	-1.35000E-5	2.60000E+0
2.76800E+3	3.00000E-4	2.89500E-4	-1.35000E-5	2.45000E+0
2.76900E+3	3.00500E-4	2.89500E-4	-1.35000E-5	2.45000E+0
2.77000E+3	3.00500E-4	2.89500E-4	-1.35000E-5	2.45000E+0
2.77100E+3	3.00500E-4	2.89500E-4	-1.30000E-5	2.45000E+0
2.77200E+3	3.00000E-4	2.89500E-4	-1.35000E-5	2.45000E+0
2.77300E+3	3.00500E-4	2.89500E-4	-1.30000E-5	2.45000E+0
2.77400E+3	3.00500E-4	2.89500E-4	-1.30000E-5	2.45000E+0
2.77500E+3	3.00500E-4	2.89500E-4	-1.30000E-5	2.40000E+0
2.77600E+3	3.00000E-4	2.89500E-4	-1.35000E-5	2.40000E+0
2.77700E+3	3.00500E-4	2.89500E-4	-1.35000E-5	2.40000E+0
2.77800E+3	3.00000E-4	2.89500E-4	-1.30000E-5	2.45000E+0
2.77900E+3	3.00500E-4	2.89500E-4	-1.35000E-5	2.45000E+0
2.78000E+3	3.00000E-4	2.89500E-4	-1.35000E-5	2.45000E+0
2.78100E+3	3.00500E-4	2.89500E-4	-1.35000E-5	2.45000E+0
2.78200E+3	3.00500E-4	2.89500E-4	-1.35000E-5	2.45000E+0
2.78300E+3	3.00500E-4	2.90000E-4	-1.35000E-5	2.45000E+0
2.78400E+3	3.00500E-4	2.89500E-4	-1.35000E-5	2.45000E+0
2.78500E+3	3.00500E-4	2.89500E-4	-1.35000E-5	2.45000E+0
2.78600E+3	3.00500E-4	2.89500E-4	-1.30000E-5	2.40000E+0
2.78700E+3	3.00000E-4	2.89500E-4	-1.35000E-5	2.45000E+0
2.78800E+3	3.00500E-4	2.89500E-4	-1.30000E-5	2.45000E+0
2.78900E+3	3.00000E-4	2.89500E-4	-1.30000E-5	2.40000E+0
2.79000E+3	3.00500E-4	2.89500E-4	-1.30000E-5	2.45000E+0
2.79100E+3	3.00000E-4	2.89500E-4	-1.30000E-5	2.40000E+0
2.79200E+3	3.00000E-4	2.89500E-4	-1.25000E-5	2.30000E+0
2.79300E+3	3.00000E-4	2.89500E-4	-1.30000E-5	2.40000E+0
2.79400E+3	3.00000E-4	2.89500E-4	-1.30000E-5	2.40000E+0
2.79500E+3	3.00500E-4	2.89500E-4	-1.30000E-5	2.40000E+0
2.79600E+3	3.00000E-4	2.89500E-4	-1.25000E-5	2.40000E+0
2.79700E+3	3.00500E-4	2.89500E-4	-1.30000E-5	2.40000E+0
2.79800E+3	3.00500E-4	2.89500E-4	-1.30000E-5	2.45000E+0
2.79900E+3	3.00500E-4	2.89500E-4	-1.30000E-5	2.40000E+0
